time,prev_state,avg_diff,std_dev,std_diff, new_state
7,chair_away,92.0204698261,0.677708727519,0.677708727519,chair_away
17,chair_away,0.386905500913,0.322277935131,-0.355430792388,chair_away
27,chair_away,0.00350142389999,0.285534906906,-0.0367430282255,chair_away
37,chair_away,0.0569642201448,0.266348167875,-0.0191867390303,chair_away
47,chair_away,-0.129520766943,0.350975075051,0.0846269071759,chair_away
109,chair_away,-43.1315595409,0.11110200585,-0.239873069202,chair_close
119,chair_close,-0.0218049966784,0.0645952800377,-0.0465067258118,chair_close
129,chair_close,0.0213690184991,0.0933110261755,0.0287157461378,chair_close
139,chair_close,-0.0321838727673,0.0373876488441,-0.0559233773314,chair_close
149,chair_close,0.0749213673985,0.146894023562,0.109506374718,chair_close
172,chair_close,27.1627883789,0.291391220561,0.144497196999,chair_away
182,chair_away,0.0465183147205,0.298297731901,0.00690651133948,chair_away
192,chair_away,0.0380963094022,0.303856280009,0.00555854810889,chair_away
202,chair_away,-0.128147186084,0.227668020636,-0.0761882593729,chair_away
212,chair_away,-0.041888763369,0.218271970416,-0.00939605022077,chair_away
237,chair_away,-13.6955220933,2.24775028417,2.02947831375,occupied_away
246,occupied_away,4.28243315035,10.1733896047,7.92563932052,occupied_away
255,occupied_away,-0.775324801178,8.27208746912,-1.90130213557,occupied_away
264,occupied_away,2.80325437281,16.0933090621,7.82122159296,occupied_away
273,occupied_away,1.32897037102,18.0500515683,1.95674250622,occupied_away
300,occupied_away,21.7757557258,0.381534666232,-17.6685169021,chair_away
310,chair_away,0.202085462876,0.292717425205,-0.088817241027,chair_away
320,chair_away,-0.00639753993745,0.248129232495,-0.0445881927108,chair_away
330,chair_away,0.0993022508919,0.362122966405,0.113993733911,chair_away
340,chair_away,-0.0239114875325,0.36805843485,0.00593546844408,chair_away
368,chair_away,-41.3538823517,0.98315779678,0.615099361931,occupied_close
377,occupied_close,-0.768867839749,1.0041963067,0.0210385099229,occupied_close
386,occupied_close,1.7324228813,0.811395533372,-0.192800773331,occupied_close
395,occupied_close,-2.18222027146,0.958897146952,0.14750161358,occupied_close
404,occupied_close,-0.554557762284,0.478488209967,-0.480408936985,occupied_close
426,occupied_close,25.6378478354,0.051122380922,-0.427365829045,chair_away
436,chair_away,6.52352943126,0.619447761583,0.568325380661,chair_away
445,chair_away,0.137182344633,0.235542886564,-0.383904875018,chair_away
455,chair_away,3.644757436,1.22457564278,0.989032756216,chair_away
465,chair_away,-0.229469634437,0.268505369037,-0.956070273743,chair_away
483,chair_away,-36.3983231225,0.313753890562,0.0452485215246,chair_close
493,chair_close,-0.0597765252136,0.2322521174,-0.0815017731612,chair_close
503,chair_close,0.0954146950172,0.269782809688,0.037530692288,chair_close
513,chair_close,-0.115327517192,0.297128795222,0.0273459855331,chair_close
523,chair_close,0.0481790436639,0.222032240237,-0.0750965549845,chair_close
546,chair_close,44.9161720387,1.5475353523,1.32550311206,chair_away
555,chair_away,0.388287260804,0.354031272836,-1.19350407946,chair_away
564,chair_away,-0.107009320606,0.275943535977,-0.0780877368587,chair_away
573,chair_away,-0.0752767508624,0.317810420776,0.0418668847983,chair_away
582,chair_away,-0.0966030725171,0.252231638291,-0.0655787824843,chair_away
602,chair_away,-16.4648167917,22.1965160076,21.9442843693,occupied_away
611,occupied_away,-5.93646950866,2.41299325263,-19.783522755,occupied_away
620,occupied_away,-1.74161255865,0.594355685719,-1.81863756691,occupied_away
630,occupied_away,0.0408294002215,0.466172389967,-0.128183295752,occupied_away
640,occupied_away,0.14949167437,1.05959494926,0.593422559297,occupied_away
657,occupied_away,29.9038701347,0.302683367155,-0.756911582109,chair_away
666,chair_away,-0.108202538271,0.330544991336,0.0278616241819,chair_away
675,chair_away,-0.256763929608,0.213728495486,-0.11681649585,chair_away
684,chair_away,0.407715661991,0.352691944553,0.138963449066,chair_away
693,chair_away,-0.0893355936611,0.314556357992,-0.0381355865607,chair_away
716,chair_away,-51.0890094037,1.04908042003,0.73452406204,occupied_close
725,occupied_close,-2.45131400466,0.577278008877,-0.471802411155,occupied_close
734,occupied_close,1.02153414511,0.519104123653,-0.0581738852239,occupied_close
744,occupied_close,4.10607547267,0.586287981809,0.067183858156,occupied_close
753,occupied_close,-1.42305547746,0.943435573291,0.357147591482,occupied_close
771,occupied_close,56.4623623845,0.43426808808,-0.509167485211,chair_away
780,chair_away,-0.0573036286795,0.345455434831,-0.0888126532493,chair_away
789,chair_away,0.228742406705,0.38233841248,0.0368829776492,chair_away
798,chair_away,0.0319137969359,0.369419825389,-0.0129185870914,chair_away
807,chair_away,-0.314207247114,0.463377535445,0.0939577100559,chair_away
826,chair_away,-54.8057978056,1.12267648898,0.659298953536,chair_close
836,chair_close,0.467239298489,0.113065222144,-1.00961126684,chair_close
846,chair_close,0.564933214201,0.199993612834,0.0869283906893,chair_close
856,chair_close,0.164454310259,0.34006455919,0.140070946357,chair_close
866,chair_close,0.47458492022,0.338560474225,-0.00150408496549,chair_close
883,chair_close,42.9075621159,0.426829986613,0.0882695123883,chair_away
892,chair_away,-0.229397621926,0.306507973374,-0.120322013239,chair_away
901,chair_away,0.35404410407,0.302670822432,-0.00383715094213,chair_away
910,chair_away,-0.447997761883,0.397368024029,0.0946972015972,chair_away
919,chair_away,0.0635115848987,0.320119536335,-0.0772484876936,chair_away
944,chair_away,-20.8188348869,4.3924807044,4.07236116807,occupied_away
953,occupied_away,-4.7518325908,2.65415046935,-1.73833023506,occupied_away
962,occupied_away,1.86071609877,1.45200529664,-1.20214517271,occupied_away
971,occupied_away,-5.53835413942,0.617175169005,-0.834830127636,occupied_away
980,occupied_away,-2.50952492158,3.51938230639,2.90220713738,occupied_away
1005,occupied_away,35.7142508373,0.244654699617,-3.27472760677,chair_away
1015,chair_away,0.328004977825,0.278534561377,0.0338798617598,chair_away
1025,chair_away,-0.106637975211,0.395978604943,0.117444043566,chair_away
1035,chair_away,0.369860781705,0.243811330108,-0.152167274835,chair_away
1045,chair_away,-0.383018641555,0.422379073121,0.178567743013,chair_away
1064,chair_away,-52.1120122638,5.23301337975,4.81063430663,occupied_close
1073,occupied_close,1.30826509972,6.82748488338,1.59447150363,occupied_close
1082,occupied_close,-2.22233257912,2.23426056949,-4.59322431389,occupied_close
1091,occupied_close,-1.47470766493,1.93002257457,-0.304237994919,occupied_close
1100,occupied_close,0.43578268755,1.2010015949,-0.729020979663,occupied_close
1127,occupied_close,64.7588481914,0.79811733513,-0.402884259774,chair_away
1136,chair_away,0.198170903541,0.577752496504,-0.220364838625,chair_away
1145,chair_away,0.116469604075,0.508154256218,-0.0695982402865,chair_away
1154,chair_away,0.0799637712562,0.58565665867,0.0775024024523,chair_away
1163,chair_away,-0.0850567236346,0.623340224496,0.0376835658261,chair_away
1180,chair_away,-55.8962732068,0.160979498857,-0.462360725639,chair_close
1190,chair_close,-0.026085389554,0.151926323553,-0.0090531753044,chair_close
1200,chair_close,0.0659081174922,0.182980664633,0.0310543410807,chair_close
1210,chair_close,0.0982046573521,0.199075254113,0.0160945894801,chair_close
1220,chair_close,-0.106820249346,0.173387376822,-0.0256878772914,chair_close
1240,chair_close,50.4312438434,7.85503614412,7.68164876729,chair_away
1249,chair_away,-5.57712236633,20.5239663134,12.6689301693,chair_away
1258,chair_away,10.9717391431,17.659449339,-2.86451697444,chair_away
1267,chair_away,22.1078956516,22.1556647765,4.49621543754,chair_away
1276,chair_away,-27.9213077348,19.2725482323,-2.88311654424,chair_away
1291,chair_away,-20.7376971005,1.0049286018,-18.2676196305,occupied_away
1300,occupied_away,-15.3041858187,4.16063856812,3.15570996632,occupied_away
1309,occupied_away,-0.693981828112,1.15729894656,-3.00333962156,occupied_away
1318,occupied_away,3.00636449066,5.18202818605,4.02472923949,occupied_away
1327,occupied_away,-4.60023606858,2.30274866907,-2.87927951698,occupied_away
1349,occupied_away,33.8836222262,16.1832380305,13.8804893614,chair_away
1358,chair_away,4.35896094794,12.8682233717,-3.31501465876,chair_away
1367,chair_away,-1.3293620833,14.0400993831,1.17187601134,chair_away
1376,chair_away,0.559287632792,12.4929524098,-1.54714697323,chair_away
1385,chair_away,-0.418313191333,12.1805139115,-0.312438498322,chair_away
1403,chair_away,-34.270466133,14.8693552562,2.68884134472,occupied_close
1412,occupied_close,-0.64554538891,16.0783652085,1.20900995227,occupied_close
1422,occupied_close,7.83891414278,15.2055847157,-0.872780492739,occupied_close
1431,occupied_close,-14.7953626784,15.9223085881,0.716723872334,occupied_close
1441,occupied_close,0.848399442461,15.4423000733,-0.480008514792,occupied_close
1457,occupied_close,30.5378114419,0.693994305079,-14.7483057682,chair_away
1466,chair_away,0.433918204815,0.364955918766,-0.329038386313,chair_away
1476,chair_away,-0.175702431091,0.201876794567,-0.163079124199,chair_away
1486,chair_away,-0.0629704459908,0.200266335969,-0.00161045859826,chair_away
1496,chair_away,0.199084490224,0.287182313779,0.0869159778098,chair_away
1520,chair_away,-44.128646789,0.27196574737,-0.0152165664088,chair_close
1530,chair_close,-0.173015716466,0.190999882278,-0.0809658650919,chair_close
1540,chair_close,0.0655969678828,0.158276014536,-0.0327238677423,chair_close
1550,chair_close,-0.0900885022826,0.214234201868,0.0559581873325,chair_close
1560,chair_close,0.134133450862,0.157523459844,-0.0567107420246,chair_close
1577,chair_close,49.048030405,0.48248458324,0.324961123396,chair_away
1587,chair_away,0.102666864959,0.387383471572,-0.0951011116675,chair_away
1597,chair_away,0.000857689163155,0.321323777607,-0.066059693965,chair_away
1607,chair_away,0.0609185542823,0.348929291146,0.0276055135388,chair_away
1617,chair_away,-0.422359142881,0.354919599908,0.00599030876203,chair_away
1634,chair_away,-34.2389608681,1.13909669768,0.784177097776,occupied_away
1643,occupied_away,0.274976488432,2.47622029006,1.33712359237,occupied_away
1652,occupied_away,1.11315637394,1.22358476364,-1.25263552642,occupied_away
1661,occupied_away,-1.01034908596,1.07448714607,-0.149097617568,occupied_away
1670,occupied_away,1.45703172097,1.55802155664,0.483534410565,occupied_away
1686,occupied_away,29.483418021,0.214372231398,-1.34364932524,chair_away
1695,chair_away,0.0256438862874,1.31910326044,1.10473102904,chair_away
1704,chair_away,-1.72902193282,3.08732617002,1.76822290958,chair_away
1713,chair_away,-3.7005171904,0.364050931149,-2.72327523887,chair_away
1722,chair_away,4.44971271785,2.69824691439,2.33419598324,chair_away
1766,chair_away,-42.7927684248,0.72469106781,-1.97355584658,occupied_close
1775,occupied_close,-1.98956931339,0.580798284514,-0.143892783295,occupied_close
1784,occupied_close,1.20487007133,1.13682103772,0.556022753201,occupied_close
1793,occupied_close,0.824637733234,1.91366212594,0.776841088228,occupied_close
1802,occupied_close,1.47877196605,2.09954492477,0.185882798824,occupied_close
1831,occupied_close,37.9516485614,0.280288914208,-1.81925601056,chair_away
1841,chair_away,-0.136196735036,0.158757308066,-0.121531606141,chair_away
1851,chair_away,0.114122495717,0.211266105867,0.052508797801,chair_away
1861,chair_away,0.00304185295957,0.201979551234,-0.00928655463294,chair_away
1871,chair_away,-0.167002133542,0.317715194505,0.115735643271,chair_away
